0
600
0
1
2
3
4
5
6
7
8
9
10
11
12
13
14
15
16
17
18
19
20
21
22
23
24
25
26
27
28
29
30
31
32
33
34
35
36
37
38
39
40
41
42
43
44
45
46
47
48
49
50
51
52
53
54
55
56
57
58
59
60
61
62
63
64
65
66
67
68
69
70
71
72
73
74
75
76
77
78
79
80
81
82
83
84
85
86
87
88
89
90
91
92
93
94
95
96
97
98
99
100
101
102
103
104
105
106
107
108
109
110
111
112
113
114
115
116
117
118
119
120
121
122
123
124
125
126
127
128
129
130
131
132
133
134
135
136
137
138
139
140
141
142
143
144
145
146
147
148
149
150
151
152
153
154
155
156
157
158
159
160
161
162
163
164
165
166
167
168
169
170
171
172
173
174
175
176
177
178
179
180
181
182
183
184
185
186
187
188
189
190
191
192
193
194
195
196
197
198
199
200
201
202
203
204
205
206
207
208
209
210
211
212
213
214
215
216
217
218
219
220
221
222
223
224
225
226
227
228
229
230
231
232
233
234
235
236
237
238
239
240
241
242
243
244
245
246
247
248
249
250
251
252
253
254
255
256
257
258
259
260
261
262
263
264
265
266
267
268
269
270
271
272
273
274
275
276
277
278
279
280
281
282
283
284
285
286
287
288
289
290
291
292
293
294
295
296
297
298
299
300
301
302
303
304
305
306
307
308
309
310
311
312
313
314
315
316
317
318
319
320
321
322
323
324
325
326
327
328
329
330
331
332
333
334
335
336
337
338
339
340
341
342
343
344
345
346
347
348
349
350
351
352
353
354
355
356
357
358
359
360
361
362
363
364
365
366
367
368
369
370
371
372
373
374
375
376
377
378
379
380
381
382
383
384
385
386
387
388
389
390
391
392
393
394
395
396
397
398
399
400
401
402
403
404
405
406
407
408
409
410
411
412
413
414
415
416
417
418
419
420
421
422
423
424
425
426
427
428
429
430
431
432
433
434
435
436
437
438
439
440
441
442
443
444
445
446
447
448
449
450
451
452
453
454
455
456
457
458
459
460
461
462
463
464
465
466
467
468
469
470
471
472
473
474
475
476
477
478
479
480
481
482
483
484
485
486
487
488
489
490
491
492
493
494
495
496
497
498
499
500
501
502
503
504
505
506
507
508
509
510
511
512
513
514
515
516
517
518
519
520
521
522
523
524
525
526
527
528
529
530
531
532
533
534
535
536
537
538
539
540
541
542
543
544
545
546
547
548
549
550
551
552
553
554
555
556
557
558
559
560
561
562
563
564
565
566
567
568
569
570
571
572
573
574
575
576
577
578
579
580
581
582
583
584
585
586
587
588
589
590
591
592
593
594
595
596
597
598
599
1200
0 1 170
0 359 122
0 453 74
1 2 483
1 29 254
1 69 358
2 3 229
3 4 7
3 250 458
4 5 39
5 6 190
5 64 206
5 360 424
6 7 245
6 92 154
6 278 427
6 564 366
7 8 283
7 30 209
7 68 103
8 9 413
9 10 384
10 11 456
11 12 115
12 13 259
13 14 423
14 15 409
14 204 74
15 16 500
15 58 241
16 17 220
16 158 141
16 511 286
17 18 9
17 149 7
17 222 270
18 19 370
19 20 428
19 476 336
20 21 383
21 22 475
21 100 429
21 278 405
22 23 85
23 24 149
24 25 312
25 26 138
25 52 265
25 392 415
26 25 24
26 27 244
26 142 123
26 492 172
26 583 213
27 28 497
27 106 62
27 342 85
27 453 422
28 29 332
29 30 53
30 18 347
30 31 67
31 32 402
31 204 440
32 33 303
33 34 21
33 508 34
34 35 139
35 36 187
35 202 320
35 233 231
36 37 335
37 38 166
38 39 419
39 40 244
40 25 242
40 41 380
41 42 356
42 43 335
43 44 18
43 204 431
43 283 130
44 45 143
44 414 13
45 46 51
46 47 444
47 33 18
47 48 147
47 254 130
47 418 334
48 49 244
49 50 15
49 256 361
50 51 234
50 149 357
50 365 197
51 52 321
51 366 143
52 53 460
53 54 231
53 222 179
54 55 418
55 56 409
55 69 250
55 498 483
56 57 177
56 186 306
57 58 436
57 103 278
58 59 221
58 270 281
59 60 52
59 547 375
60 61 284
60 233 178
61 48 373
61 62 31
62 63 407
63 64 334
64 65 473
64 471 269
64 483 252
64 584 346
65 66 209
65 241 15
66 67 53
67 24 408
67 68 411
67 123 31
67 488 109
68 69 225
69 70 379
70 71 441
70 336 347
70 416 12
71 72 99
72 73 151
72 185 246
72 249 155
73 74 490
74 73 320
74 75 460
74 542 184
75 67 192
75 76 146
75 228 180
76 77 433
77 78 71
78 79 434
79 80 157
80 81 333
80 337 441
81 82 357
81 450 412
82 83 205
83 84 248
84 85 233
85 86 197
85 185 37
86 61 118
86 67 144
86 87 376
86 313 94
86 526 266
87 88 457
88 89 50
88 354 55
88 466 240
89 90 311
90 91 303
90 541 253
91 92 450
91 304 456
92 93 50
92 184 398
92 408 137
93 94 499
93 439 244
94 95 108
94 385 246
95 96 195
96 97 81
96 530 179
96 596 250
97 98 498
98 99 446
98 277 296
99 100 155
100 101 214
100 224 343
100 571 63
101 102 468
102 2 409
102 103 294
103 104 105
104 105 460
105 106 82
105 266 155
106 107 255
107 108 86
107 223 472
108 109 120
108 408 230
109 110 113
109 203 39
110 111 66
110 448 321
111 112 426
111 258 13
111 451 361
112 113 170
113 114 210
113 412 371
114 29 135
114 115 375
114 330 241
115 116 473
115 496 179
116 117 275
116 149 347
117 118 185
117 477 22
117 493 111
117 565 221
118 27 392
118 119 353
118 331 62
118 398 457
119 120 113
120 121 425
121 122 438
121 496 240
122 123 332
122 321 353
123 27 382
123 124 126
123 252 123
124 125 98
124 323 102
125 126 63
126 127 190
127 128 421
127 413 75
128 129 20
129 128 282
129 130 64
130 118 180
130 131 407
130 313 119
131 132 446
131 592 119
132 133 310
133 134 372
133 389 315
134 135 288
134 300 178
135 136 24
136 137 60
136 391 142
136 499 98
137 138 393
138 76 218
138 139 328
139 140 415
140 141 74
141 120 179
141 142 252
141 185 41
141 336 261
142 40 390
142 143 126
142 150 364
143 144 459
144 35 69
144 145 7
144 165 270
145 146 218
145 554 449
146 147 429
147 148 459
147 555 404
148 72 41
148 149 237
148 257 324
148 559 45
149 150 175
149 559 69
150 151 125
150 469 430
151 152 125
152 153 280
152 398 431
153 83 359
153 154 254
153 179 161
154 155 402
154 250 232
155 156 253
155 218 407
155 561 279
156 50 139
156 157 59
156 428 207
157 158 90
157 179 169
157 185 215
157 593 179
158 159 144
159 160 153
159 280 205
159 379 156
160 161 484
161 16 187
161 71 48
161 162 212
161 314 178
162 163 298
162 469 255
162 593 186
163 53 396
163 164 16
163 431 250
163 560 161
164 73 449
164 165 364
165 54 141
165 166 336
166 167 456
166 590 488
167 168 22
167 452 145
167 537 183
168 73 38
168 169 164
168 433 52
169 170 159
169 346 447
169 351 50
170 171 168
170 572 212
171 172 113
171 352 454
172 60 206
172 173 75
173 174 499
174 175 260
174 430 138
174 551 124
175 66 342
175 176 74
175 323 450
176 144 223
176 177 404
177 178 111
177 484 157
178 51 339
178 179 110
178 444 479
179 154 323
179 180 439
180 117 323
180 181 232
181 182 439
182 183 418
183 136 36
183 153 32
183 184 186
184 185 376
184 394 101
184 435 172
185 186 466
186 187 245
187 188 310
187 253 439
187 378 395
188 189 438
188 323 54
189 190 347
190 191 351
190 588 442
191 192 493
191 390 201
192 193 226
192 373 420
193 194 185
194 53 90
194 195 378
195 142 247
195 164 81
195 196 103
195 430 298
196 197 469
197 198 137
197 294 205
198 199 122
199 200 434
200 201 150
200 252 316
201 60 475
201 202 162
201 405 270
202 136 365
202 203 482
202 212 410
202 253 260
202 269 151
202 446 372
203 204 91
203 416 256
204 205 328
204 280 266
204 562 9
205 206 388
205 309 299
206 207 205
207 7 149
207 208 389
207 497 33
208 209 188
209 210 154
210 56 436
210 211 402
211 132 436
211 212 133
212 213 403
213 22 6
213 214 265
214 215 66
215 216 330
215 256 171
216 41 397
216 148 265
216 217 410
217 218 150
218 30 461
218 219 291
219 52 108
219 220 463
219 238 412
220 221 58
220 248 242
220 497 70
221 222 483
221 264 22
222 223 475
222 303 447
223 224 323
224 225 199
225 226 436
226 15 444
226 134 10
226 227 103
227 228 69
227 480 497
227 581 413
228 127 66
228 200 445
228 229 84
228 374 306
229 230 229
229 427 334
229 584 379
230 231 394
230 491 427
231 232 40
231 576 364
232 233 460
232 568 159
233 230 184
233 234 208
233 469 15
233 514 385
233 563 306
234 235 82
234 445 494
235 236 179
236 0 287
236 237 332
236 514 11
237 238 197
237 377 249
238 77 340
238 239 197
239 63 238
239 169 85
239 240 167
240 241 389
240 441 356
240 540 38
241 242 53
241 279 229
242 243 61
243 204 417
243 244 353
244 245 307
245 246 492
246 247 458
247 248 327
248 35 152
248 249 317
249 250 455
250 251 42
251 252 226
251 301 127
251 303 320
251 391 143
252 190 359
252 253 500
252 286 373
253 199 478
253 254 283
253 263 214
253 302 435
254 63 14
254 187 76
254 255 312
255 256 490
255 562 373
256 257 489
257 258 300
257 286 401
258 229 273
258 259 202
259 260 271
260 162 492
260 261 166
260 578 365
261 262 157
262 263 136
263 264 477
263 295 476
264 265 488
264 535 129
265 266 265
265 305 56
265 510 44
266 267 192
266 372 434
267 268 474
268 269 248
269 144 249
269 270 151
269 392 255
269 574 457
270 182 239
270 271 324
270 307 325
270 377 30
271 65 246
271 184 228
271 272 204
272 273 18
272 593 84
273 274 387
273 335 423
273 471 150
273 543 301
274 275 324
275 26 35
275 276 54
275 415 454
276 277 152
277 278 354
278 127 90
278 181 216
278 279 182
278 332 214
278 350 71
279 280 448
280 281 292
280 404 303
280 505 306
280 514 37
281 192 38
281 282 36
282 283 305
283 284 143
284 285 107
285 286 25
286 287 25
287 75 49
287 211 217
287 243 203
287 288 110
287 488 188
288 163 323
288 191 499
288 289 482
289 290 257
290 291 153
291 41 15
291 191 284
291 292 336
291 586 112
292 293 378
293 294 289
293 537 461
294 295 7
294 349 256
294 357 220
295 296 167
295 430 207
296 297 20
297 298 304
298 76 2
298 285 57
298 299 189
298 304 450
299 300 107
300 301 264
301 302 350
301 441 489
301 559 491
302 303 45
303 304 196
303 490 25
304 305 251
305 306 345
305 405 197
305 559 53
306 18 323
306 251 371
306 307 206
307 164 33
307 308 476
308 309 437
308 347 103
309 27 123
309 310 365
310 311 430
310 332 399
311 263 225
311 312 117
312 313 277
313 314 418
314 36 3
314 315 5
314 330 489
314 517 243
315 239 355
315 316 459
316 33 451
316 317 412
317 245 120
317 318 270
317 533 13
318 205 465
318 319 391
319 270 222
319 320 431
319 543 180
320 321 328
320 420 466
321 322 380
321 416 419
321 550 371
322 323 83
322 479 17
323 324 241
323 565 409
324 320 275
324 325 305
325 176 323
325 326 277
326 327 188
327 328 264
328 329 71
328 547 34
329 330 221
330 31 398
330 191 303
330 224 400
330 331 60
331 332 212
332 333 307
333 313 401
333 334 58
333 557 148
334 209 400
334 335 209
335 336 119
335 370 206
336 337 52
337 103 37
337 338 238
337 344 291
337 477 235
337 541 286
337 576 249
338 339 423
339 340 141
339 410 102
340 341 490
341 342 135
342 73 291
342 343 333
342 410 332
343 343 302
343 344 54
344 186 232
344 345 226
345 346 120
346 114 222
346 347 44
347 348 334
348 349 406
349 350 190
350 351 354
350 598 321
351 352 418
352 353 89
353 169 231
353 354 252
353 455 413
353 499 127
353 575 163
354 61 175
354 273 480
354 355 457
355 356 302
356 357 450
356 594 19
357 56 57
357 358 473
358 126 486
358 345 334
358 359 23
358 388 47
358 479 497
359 40 290
359 360 275
359 424 191
359 526 13
360 361 156
360 403 199
361 174 313
361 270 351
361 362 101
362 68 365
362 363 206
363 142 92
363 194 95
363 364 165
364 365 57
365 124 297
365 197 311
365 366 191
366 367 32
367 268 343
367 273 55
367 368 1
368 369 269
368 570 420
369 128 86
369 137 295
369 370 70
370 138 374
370 371 368
370 377 111
370 467 263
371 38 102
371 372 171
372 75 463
372 158 340
372 240 203
372 373 92
372 546 95
373 374 278
374 375 37
375 376 388
376 159 14
376 350 297
376 377 109
376 420 400
377 164 308
377 378 210
378 379 352
379 380 168
380 104 104
380 140 445
380 381 286
381 177 486
381 382 289
381 449 308
382 14 50
382 383 18
382 491 271
383 131 34
383 213 129
383 384 193
384 179 135
384 321 175
384 385 275
385 386 318
385 433 128
386 387 37
386 469 465
387 162 178
387 388 166
388 37 205
388 389 34
388 442 165
389 390 329
390 230 58
390 391 143
390 548 438
391 392 348
392 393 473
392 455 149
393 394 391
393 487 58
394 102 271
394 122 69
394 367 301
394 395 49
395 396 484
396 255 341
396 397 415
397 398 13
398 285 157
398 399 278
399 171 422
399 400 467
399 545 240
400 328 152
400 401 266
401 292 97
401 402 94
402 290 189
402 363 151
402 403 92
402 504 421
403 179 285
403 404 418
403 513 91
404 405 47
404 539 134
405 406 83
406 407 200
407 106 92
407 408 169
408 409 413
408 434 404
409 410 33
410 411 221
411 304 466
411 412 320
412 155 17
412 413 303
413 76 336
413 414 354
414 415 303
414 582 266
415 416 354
416 252 201
416 341 183
416 417 232
417 109 136
417 418 461
418 419 74
418 564 28
419 420 110
419 554 118
420 345 199
420 421 372
421 143 221
421 422 104
422 329 378
422 423 402
423 424 335
423 490 138
424 58 127
424 75 29
424 425 261
425 158 154
425 355 467
425 426 203
425 551 236
426 379 190
426 427 307
426 523 164
426 567 496
427 428 179
428 429 397
429 400 435
429 430 216
430 431 254
431 432 60
432 433 63
433 49 251
433 434 305
433 467 189
434 186 106
434 215 430
434 435 107
435 436 84
436 437 30
437 438 134
438 439 463
439 440 155
440 441 41
440 479 229
441 442 156
442 443 437
443 202 378
443 282 329
443 289 449
443 444 123
443 454 269
444 445 422
445 398 390
445 446 355
445 540 495
446 447 52
447 229 45
447 299 25
447 436 258
447 448 140
448 449 138
449 388 492
449 450 457
450 222 353
450 423 118
450 451 240
451 452 38
452 24 131
452 225 314
452 453 369
452 520 144
453 454 4
454 455 414
455 456 32
456 79 74
456 457 227
457 356 487
457 458 6
458 459 343
459 460 339
460 461 62
461 438 103
461 462 171
462 310 67
462 463 453
463 464 284
464 465 365
464 491 447
465 466 76
466 467 137
467 42 189
467 336 249
467 468 319
468 94 259
468 469 70
469 470 351
470 199 421
470 471 117
471 472 285
472 350 141
472 473 39
472 519 340
473 474 236
474 460 313
474 475 10
475 270 136
475 476 308
476 477 102
477 340 320
477 379 99
477 478 271
478 404 334
478 479 438
479 379 274
479 480 235
480 98 299
480 199 386
480 293 115
480 481 39
480 558 111
481 482 475
482 483 383
483 319 207
483 484 305
484 177 391
484 485 165
484 488 334
485 146 74
485 486 379
486 487 76
486 516 250
487 54 249
487 488 327
488 342 239
488 489 453
489 333 19
489 490 88
490 491 498
491 492 51
492 386 281
492 493 351
493 494 68
494 144 271
494 495 359
495 394 60
495 496 91
496 497 22
497 498 42
498 499 483
499 500 87
499 546 413
500 450 392
500 501 246
500 510 18
501 406 345
501 502 230
502 67 489
502 503 239
503 504 131
504 505 314
505 506 324
506 507 15
507 508 173
508 509 424
509 108 169
509 510 369
510 112 254
510 511 205
511 512 463
512 513 214
513 252 462
513 351 382
513 514 279
514 515 140
514 566 425
515 516 116
515 559 308
516 517 27
517 518 251
518 519 268
519 390 67
519 520 229
520 521 298
521 522 376
522 523 59
523 524 108
524 525 359
525 99 172
525 139 54
525 314 19
525 480 406
525 526 13
526 56 134
526 99 292
526 119 81
526 527 400
527 391 115
527 528 325
528 188 142
528 529 459
529 145 187
529 530 275
530 531 152
530 570 139
531 109 15
531 532 10
532 150 269
532 533 191
533 3 123
533 534 183
534 77 215
534 535 346
535 536 341
536 286 23
536 380 282
536 537 114
536 599 269
537 538 73
538 539 169
539 353 421
539 458 276
539 540 135
539 561 127
540 136 167
540 541 396
541 542 11
542 543 469
543 337 161
543 438 60
543 544 316
544 545 334
545 4 257
545 46 319
545 546 331
546 547 246
547 162 444
547 548 59
548 549 27
548 559 273
549 445 265
549 550 98
550 551 417
550 564 477
551 552 413
552 553 402
553 393 378
553 554 474
554 100 384
554 555 278
555 25 327
555 556 54
556 293 44
556 308 253
556 557 227
557 188 157
557 558 264
558 559 328
559 560 467
560 557 332
560 561 476
561 562 192
562 144 333
562 563 380
562 570 129
563 53 467
563 564 441
564 111 144
564 565 140
565 147 101
565 566 154
566 567 100
567 568 15
568 569 375
569 132 77
569 570 437
570 21 152
570 40 139
570 571 354
571 524 200
571 572 373
572 310 209
572 325 384
572 573 341
573 59 261
573 379 437
573 536 480
573 574 247
574 10 212
574 538 385
574 575 41
575 223 219
575 576 139
576 488 174
576 577 225
577 578 365
578 150 82
578 579 334
579 531 326
579 580 325
580 158 419
580 581 18
581 78 496
581 582 25
582 85 309
582 346 474
582 583 49
583 270 133
583 298 296
583 584 447
584 63 122
584 585 189
585 250 285
585 335 98
585 586 498
586 540 156
586 587 219
587 588 216
588 450 31
588 589 2
589 531 11
589 590 87
590 591 222
591 260 472
591 592 479
592 593 441
593 195 422
593 594 153
593 598 367
594 547 140
594 595 440
595 226 369
595 596 79
596 373 287
596 597 398
597 191 223
597 233 237
597 483 316
597 598 426
598 599 341
599 146 156
599 301 427
599 322 366
